 1  1 0.1000E+01
 1  2 -.1544E+00
 1  3 0.5775E-02
 1  4 -.4278E-02
 1  5 -.3436E-02
 1  6 0.1676E-02
 1  7 -.3256E-02
 1  8 0.7962E-03
 1  9 -.1850E-02
 1 10 -.1321E-03
 1 11 -.4155E-02
 1 12 -.1764E-03
 1 13 -.1431E-02
 1 14 0.2581E-03
 1 15 0.7849E-04
 1 16 -.1150E-02
 1 17 0.1380E-03
 1 18 0.9415E-04
 1 19 -.1395E-02
 1 20 0.1420E-03
 1 21 0.0000E+00
 1 22 -.4171E-03
 1 23 0.0000E+00
 1 24 0.0000E+00
 1 25 -.1194E-02
 1 26 0.1368E-03
 1 27 0.0000E+00
 1 28 0.2091E-03
 1 29 0.0000E+00
 1 30 0.0000E+00
 1 31 -.7412E-03
 1 32 0.3385E-03
 1 33 0.0000E+00
 1 34 -.3628E-03
 1 35 -.9374E-04
 1 36 -.7459E-04
 1 37 0.1650E-03
 1 38 0.6163E-03
 1 39 0.5442E-04
 1 40 -.1477E-02
 1 41 -.8343E-03
 1 42 0.0000E+00
 1 43 0.1144E-02
 1 44 0.1143E-03
 1 45 0.0000E+00
 2  1 -.1544E+00
 2  2 0.1000E+01
 2  3 -.1914E+00
 2  4 0.1847E-02
 2  5 -.1517E-01
 2  6 0.4043E-02
 2  7 -.7295E-02
 2  8 0.0000E+00
 2  9 -.3860E-02
 2 10 -.1929E-03
 2 11 -.1234E-01
 2 12 -.2576E-03
 2 13 -.1592E-02
 2 14 -.3770E-03
 2 15 0.2292E-03
 2 16 -.1204E-02
 2 17 -.4030E-03
 2 18 0.1375E-03
 2 19 -.1085E-02
 2 20 -.2073E-03
 2 21 0.1511E-03
 2 22 -.4872E-03
 2 23 -.2080E-03
 2 24 0.1579E-03
 2 25 -.5454E-03
 2 26 -.1998E-03
 2 27 0.1579E-03
 2 28 0.2795E-04
 2 29 0.0000E+00
 2 30 0.0000E+00
 2 31 -.1137E-02
 2 32 0.0000E+00
 2 33 0.0000E+00
 2 34 0.5064E-03
 2 35 0.7990E-03
 2 36 0.0000E+00
 2 37 -.1471E-02
 2 38 0.0000E+00
 2 39 -.7948E-04
 2 40 0.4941E-03
 2 41 0.9512E-03
 2 42 0.0000E+00
 2 43 -.1443E-02
 2 44 -.1663E-03
 2 45 0.0000E+00
 3  1 0.5775E-02
 3  2 -.1914E+00
 3  3 0.1000E+01
 3  4 -.2279E+00
 3  5 -.1031E-01
 3  6 0.5586E-02
 3  7 -.1867E-01
 3  8 0.1987E-02
 3  9 -.1086E-01
 3 10 0.1572E-02
 3 11 -.3960E-01
 3 12 0.1543E-02
 3 13 0.8206E-03
 3 14 -.2128E-02
 3 15 0.2460E-03
 3 16 -.9504E-03
 3 17 -.1618E-02
 3 18 0.1476E-03
 3 19 -.3047E-03
 3 20 -.4450E-03
 3 21 0.1622E-03
 3 22 -.9880E-03
 3 23 -.4464E-03
 3 24 0.1695E-03
 3 25 0.1067E-03
 3 26 -.4289E-03
 3 27 0.1695E-03
 3 28 -.8157E-03
 3 29 -.2007E-03
 3 30 0.0000E+00
 3 31 0.3162E-03
 3 32 0.1768E-03
 3 33 0.1457E-03
 3 34 -.8367E-03
 3 35 -.1469E-03
 3 36 0.0000E+00
 3 37 0.6695E-03
 3 38 0.3363E-03
 3 39 -.8530E-04
 3 40 -.1037E-02
 3 41 0.1234E-02
 3 42 0.0000E+00
 3 43 -.1846E-02
 3 44 -.1429E-03
 3 45 0.0000E+00
 4  1 -.4278E-02
 4  2 0.1847E-02
 4  3 -.2279E+00
 4  4 0.1000E+01
 4  5 -.2292E+00
 4  6 -.6313E-02
 4  7 0.7567E-02
 4  8 0.1024E-02
 4  9 -.1694E-01
 4 10 0.8326E-03
 4 11 -.4281E-01
 4 12 0.0000E+00
 4 13 0.1184E-02
 4 14 -.2846E-02
 4 15 -.1081E-03
 4 16 -.2958E-03
 4 17 -.1609E-02
 4 18 -.1297E-03
 4 19 -.7496E-03
 4 20 -.1452E-02
 4 21 0.0000E+00
 4 22 -.2298E-03
 4 23 -.3923E-03
 4 24 0.0000E+00
 4 25 0.9375E-04
 4 26 -.3769E-03
 4 27 0.0000E+00
 4 28 -.1531E-02
 4 29 -.1082E-02
 4 30 0.0000E+00
 4 31 0.1280E-02
 4 32 0.4614E-03
 4 33 0.0000E+00
 4 34 -.1418E-02
 4 35 -.3612E-03
 4 36 0.1027E-03
 4 37 0.2503E-03
 4 38 -.3941E-03
 4 39 -.7496E-04
 4 40 0.8496E-03
 4 41 0.1918E-02
 4 42 0.0000E+00
 4 43 -.2979E-02
 4 44 -.1865E-03
 4 45 0.0000E+00
 5  1 -.3436E-02
 5  2 -.1517E-01
 5  3 -.1031E-01
 5  4 -.2292E+00
 5  5 0.1000E+01
 5  6 -.1278E+00
 5  7 -.2568E+00
 5  8 0.1324E-02
 5  9 0.1319E-01
 5 10 -.2287E-02
 5 11 -.6908E-01
 5 12 -.1832E-02
 5 13 -.2270E-02
 5 14 -.2350E-02
 5 15 0.1556E-02
 5 16 -.3399E-02
 5 17 -.2025E-02
 5 18 0.1206E-02
 5 19 -.1346E-02
 5 20 -.9830E-03
 5 21 0.3583E-03
 5 22 -.1893E-02
 5 23 -.1571E-02
 5 24 0.3744E-03
 5 25 -.4713E-03
 5 26 -.4737E-03
 5 27 0.1872E-03
 5 28 -.3869E-03
 5 29 -.2217E-03
 5 30 0.1825E-03
 5 31 -.1515E-02
 5 32 0.1953E-03
 5 33 0.0000E+00
 5 34 -.8710E-04
 5 35 0.9426E-03
 5 36 0.0000E+00
 5 37 -.7946E-03
 5 38 0.3714E-03
 5 39 -.9421E-04
 5 40 -.1189E-02
 5 41 0.9082E-03
 5 42 0.0000E+00
 5 43 -.1368E-02
 5 44 -.1577E-03
 5 45 0.0000E+00
 6  1 0.1676E-02
 6  2 0.4043E-02
 6  3 0.5586E-02
 6  4 -.6313E-02
 6  5 -.1278E+00
 6  6 0.1000E+01
 6  7 -.1025E-01
 6  8 -.1677E+00
 6  9 -.5958E-02
 6 10 0.1372E-01
 6 11 -.3115E-01
 6 12 -.3948E-02
 6 13 0.4986E-02
 6 14 -.4178E-02
 6 15 -.3251E-02
 6 16 0.8360E-03
 6 17 -.1887E-02
 6 18 -.1737E-02
 6 19 0.9128E-03
 6 20 -.1198E-02
 6 21 -.1564E-02
 6 22 0.5074E-03
 6 23 -.1078E-02
 6 24 -.8989E-03
 6 25 0.2775E-03
 6 26 -.9129E-03
 6 27 -.7139E-03
 6 28 -.4556E-04
 6 29 -.8416E-03
 6 30 -.1720E-03
 6 31 0.7429E-03
 6 32 -.9107E-03
 6 33 -.1516E-03
 6 34 -.1814E-03
 6 35 -.8202E-03
 6 36 0.0000E+00
 6 37 0.5967E-03
 6 38 -.6409E-03
 6 39 0.0000E+00
 6 40 0.3305E-03
 6 41 0.7867E-03
 6 42 0.2702E-04
 6 43 -.1646E-02
 6 44 -.1644E-03
 6 45 0.0000E+00
 7  1 -.3256E-02
 7  2 -.7295E-02
 7  3 -.1867E-01
 7  4 0.7567E-02
 7  5 -.2568E+00
 7  6 -.1025E-01
 7  7 0.1000E+01
 7  8 -.6490E-01
 7  9 -.3417E+00
 7 10 -.2764E-02
 7 11 0.1629E-01
 7 12 -.1195E-02
 7 13 -.1142E-01
 7 14 0.3579E-02
 7 15 0.7962E-03
 7 16 -.4405E-02
 7 17 0.1270E-02
 7 18 0.2733E-03
 7 19 -.3286E-02
 7 20 0.1164E-02
 7 21 0.2002E-03
 7 22 -.1918E-02
 7 23 0.1020E-02
 7 24 0.1046E-03
 7 25 -.2072E-02
 7 26 0.3971E-03
 7 27 0.0000E+00
 7 28 0.1869E-04
 7 29 0.1013E-02
 7 30 0.0000E+00
 7 31 -.2513E-02
 7 32 -.1105E-03
 7 33 0.0000E+00
 7 34 0.1291E-02
 7 35 0.9684E-03
 7 36 0.0000E+00
 7 37 -.1949E-02
 7 38 0.3460E-03
 7 39 0.0000E+00
 7 40 -.5524E-03
 7 41 -.1342E-03
 7 42 0.0000E+00
 7 43 0.6931E-04
 7 44 0.0000E+00
 7 45 0.0000E+00
 8  1 0.7962E-03
 8  2 0.0000E+00
 8  3 0.1987E-02
 8  4 0.1024E-02
 8  5 0.1324E-02
 8  6 -.1677E+00
 8  7 -.6490E-01
 8  8 0.1000E+01
 8  9 -.1479E-01
 8 10 -.2083E+00
 8 11 -.4877E-01
 8 12 0.1618E-01
 8 13 0.1933E-02
 8 14 -.1087E-01
 8 15 -.3373E-02
 8 16 0.1209E-02
 8 17 -.3706E-02
 8 18 -.1846E-02
 8 19 0.1091E-02
 8 20 -.3131E-02
 8 21 -.1010E-02
 8 22 0.7339E-03
 8 23 -.1895E-02
 8 24 -.7899E-03
 8 25 0.2409E-03
 8 26 -.1482E-02
 8 27 -.2552E-03
 8 28 0.2782E-03
 8 29 -.1369E-02
 8 30 -.2488E-03
 8 31 0.1173E-03
 8 32 -.7850E-03
 8 33 -.1097E-03
 8 34 -.3675E-03
 8 35 -.6336E-03
 8 36 0.0000E+00
 8 37 0.3173E-03
 8 38 -.3376E-03
 8 39 -.4153E-03
 8 40 0.5459E-03
 8 41 0.1960E-02
 8 42 0.0000E+00
 8 43 -.3317E-02
 8 44 -.3429E-03
 8 45 0.1418E-04
 9  1 -.1850E-02
 9  2 -.3860E-02
 9  3 -.1086E-01
 9  4 -.1694E-01
 9  5 0.1319E-01
 9  6 -.5958E-02
 9  7 -.3417E+00
 9  8 -.1479E-01
 9  9 0.1000E+01
 9 10 -.4053E-01
 9 11 -.3968E+00
 9 12 0.2443E-02
 9 13 0.1397E-02
 9 14 0.3190E-02
 9 15 0.1093E-02
 9 16 -.7398E-02
 9 17 0.1166E-02
 9 18 0.2070E-03
 9 19 -.2470E-02
 9 20 0.1092E-02
 9 21 0.1517E-03
 9 22 -.2924E-02
 9 23 0.7750E-03
 9 24 0.7926E-04
 9 25 -.1175E-02
 9 26 0.2005E-03
 9 27 0.0000E+00
 9 28 -.6662E-03
 9 29 0.4877E-03
 9 30 0.0000E+00
 9 31 -.1011E-02
 9 32 0.8017E-04
 9 33 0.0000E+00
 9 34 0.1413E-03
 9 35 0.7947E-03
 9 36 -.5466E-04
 9 37 -.1936E-02
 9 38 -.9622E-04
 9 39 0.7977E-04
 9 40 0.4339E-04
 9 41 -.2208E-03
 9 42 0.0000E+00
 9 43 0.4957E-03
 9 44 0.1415E-04
 9 45 0.0000E+00
10  1 -.1321E-03
10  2 -.1929E-03
10  3 0.1572E-02
10  4 0.8326E-03
10  5 -.2287E-02
10  6 0.1372E-01
10  7 -.2764E-02
10  8 -.2083E+00
10  9 -.4053E-01
10 10 0.1000E+01
10 11 -.5356E-01
10 12 -.2282E+00
10 13 0.2657E-01
10 14 0.6099E-02
10 15 0.6721E-03
10 16 -.6962E-02
10 17 -.7345E-02
10 18 -.2485E-02
10 19 0.5121E-03
10 20 -.2625E-02
10 21 -.1282E-02
10 22 -.2499E-03
10 23 -.2193E-02
10 24 -.3240E-03
10 25 -.5467E-03
10 26 -.1677E-02
10 27 -.3239E-03
10 28 -.8369E-04
10 29 -.1354E-02
10 30 -.1579E-03
10 31 0.0000E+00
10 32 -.1690E-03
10 33 -.1392E-03
10 34 -.7048E-03
10 35 0.1404E-03
10 36 0.0000E+00
10 37 -.2365E-04
10 38 -.9099E-03
10 39 -.6088E-03
10 40 0.1673E-02
10 41 0.4058E-02
10 42 -.4964E-04
10 43 -.6520E-02
10 44 -.5697E-03
10 45 0.1799E-04
11  1 -.4155E-02
11  2 -.1234E-01
11  3 -.3960E-01
11  4 -.4281E-01
11  5 -.6908E-01
11  6 -.3115E-01
11  7 0.1629E-01
11  8 -.4877E-01
11  9 -.3968E+00
11 10 -.5356E-01
11 11 0.1000E+01
11 12 -.6311E-01
11 13 -.5042E-01
11 14 0.1023E-01
11 15 0.1863E-02
11 16 -.4070E-02
11 17 0.1197E-02
11 18 0.5105E-03
11 19 -.7252E-02
11 20 0.1637E-02
11 21 0.1328E-03
11 22 -.4755E-02
11 23 0.9520E-03
11 24 0.6937E-04
11 25 -.1091E-02
11 26 0.5545E-03
11 27 0.0000E+00
11 28 -.1683E-02
11 29 0.7392E-03
11 30 0.6764E-04
11 31 -.1338E-02
11 32 0.2208E-03
11 33 -.1789E-03
11 34 -.1622E-03
11 35 0.1151E-02
11 36 0.1435E-03
11 37 -.3661E-02
11 38 -.9077E-03
11 39 0.1251E-03
11 40 0.2215E-02
11 41 -.8844E-03
11 42 0.0000E+00
11 43 0.1322E-02
11 44 0.1644E-03
11 45 0.0000E+00
12  1 -.1764E-03
12  2 -.2576E-03
12  3 0.1543E-02
12  4 0.0000E+00
12  5 -.1832E-02
12  6 -.3948E-02
12  7 -.1195E-02
12  8 0.1618E-01
12  9 0.2443E-02
12 10 -.2282E+00
12 11 -.6311E-01
12 12 0.1000E+01
12 13 -.2348E+00
12 14 -.1369E+00
12 15 -.4958E-01
12 16 0.4188E-01
12 17 0.5931E-02
12 18 -.4444E-02
12 19 -.1469E-01
12 20 -.7384E-02
12 21 -.2537E-02
12 22 0.3468E-02
12 23 -.2925E-02
12 24 -.1770E-02
12 25 -.3050E-02
12 26 -.2236E-02
12 27 -.1316E-02
12 28 0.1188E-02
12 29 -.7684E-03
12 30 -.4218E-03
12 31 -.1925E-02
12 32 -.1103E-02
12 33 -.3719E-03
12 34 0.1385E-03
12 35 -.1875E-03
12 36 -.1492E-03
12 37 0.2848E-03
12 38 0.0000E+00
12 39 -.7032E-03
12 40 -.9547E-03
12 41 0.3193E-02
12 42 -.6629E-04
12 43 -.5263E-02
12 44 -.4916E-03
12 45 0.0000E+00
13  1 -.1431E-02
13  2 -.1592E-02
13  3 0.8206E-03
13  4 0.1184E-02
13  5 -.2270E-02
13  6 0.4986E-02
13  7 -.1142E-01
13  8 0.1933E-02
13  9 0.1397E-02
13 10 0.2657E-01
13 11 -.5042E-01
13 12 -.2348E+00
13 13 0.1000E+01
13 14 -.3058E-01
13 15 0.9014E-02
13 16 -.3813E+00
13 17 0.1792E-01
13 18 0.1202E-03
13 19 0.8675E-01
13 20 -.2683E-02
13 21 0.1100E-02
13 22 -.4093E-01
13 23 0.1515E-02
13 24 0.1381E-03
13 25 0.1030E-01
13 26 0.5241E-03
13 27 0.1381E-03
13 28 -.7369E-02
13 29 0.1162E-02
13 30 0.0000E+00
13 31 0.5394E-04
13 32 0.1008E-02
13 33 0.0000E+00
13 34 -.1316E-02
13 35 0.1024E-02
13 36 -.9524E-04
13 37 -.8364E-03
13 38 0.3163E-03
13 39 -.3830E-03
13 40 -.3387E-03
13 41 0.2788E-02
13 42 0.0000E+00
13 43 -.4191E-02
13 44 -.3751E-03
13 45 0.0000E+00
14  1 0.2581E-03
14  2 -.3770E-03
14  3 -.2128E-02
14  4 -.2846E-02
14  5 -.2350E-02
14  6 -.4178E-02
14  7 0.3579E-02
14  8 -.1087E-01
14  9 0.3190E-02
14 10 0.6099E-02
14 11 0.1023E-01
14 12 -.1369E+00
14 13 -.3058E-01
14 14 0.1000E+01
14 15 -.7289E-01
14 16 -.4481E-01
14 17 -.2233E+00
14 18 0.1697E-01
14 19 0.3526E-02
14 20 0.1399E-01
14 21 -.6366E-03
14 22 -.7095E-02
14 23 -.1370E-01
14 24 0.1445E-02
14 25 0.9960E-04
14 26 -.4652E-02
14 27 0.1113E-02
14 28 -.4217E-03
14 29 -.4496E-02
14 30 0.4629E-03
14 31 0.6598E-03
14 32 -.1955E-02
14 33 0.2721E-03
14 34 -.1475E-02
14 35 -.9154E-03
14 36 0.1092E-03
14 37 0.8600E-03
14 38 -.7787E-03
14 39 -.4313E-03
14 40 0.6953E-03
14 41 0.3512E-02
14 42 0.0000E+00
14 43 -.5367E-02
14 44 -.4218E-03
14 45 0.0000E+00
15  1 0.7849E-04
15  2 0.2292E-03
15  3 0.2460E-03
15  4 -.1081E-03
15  5 0.1556E-02
15  6 -.3251E-02
15  7 0.7962E-03
15  8 -.3373E-02
15  9 0.1093E-02
15 10 0.6721E-03
15 11 0.1863E-02
15 12 -.4958E-01
15 13 0.9014E-02
15 14 -.7289E-01
15 15 0.1000E+01
15 16 -.5530E-02
15 17 -.5318E-01
15 18 -.1345E+00
15 19 -.8007E-02
15 20 0.1795E-01
15 21 -.8379E-02
15 22 -.2969E-03
15 23 -.2339E-02
15 24 -.8244E-02
15 25 -.2562E-03
15 26 0.8591E-03
15 27 -.4988E-02
15 28 -.2533E-03
15 29 -.1140E-03
15 30 -.3135E-02
15 31 0.7060E-03
15 32 -.2008E-03
15 33 -.2080E-02
15 34 -.6628E-04
15 35 -.8023E-03
15 36 -.1072E-02
15 37 0.3136E-03
15 38 -.1068E-02
15 39 -.5680E-03
15 40 0.7586E-03
15 41 -.5973E-03
15 42 -.2103E-03
15 43 0.1324E-04
15 44 -.3541E-03
15 45 -.5262E-04
16  1 -.1150E-02
16  2 -.1204E-02
16  3 -.9504E-03
16  4 -.2958E-03
16  5 -.3399E-02
16  6 0.8360E-03
16  7 -.4405E-02
16  8 0.1209E-02
16  9 -.7398E-02
16 10 -.6962E-02
16 11 -.4070E-02
16 12 0.4188E-01
16 13 -.3813E+00
16 14 -.4481E-01
16 15 -.5530E-02
16 16 0.1000E+01
16 17 -.2599E-01
16 18 0.2990E-02
16 19 -.4577E+00
16 20 0.1732E-01
16 21 0.1260E-03
16 22 0.1430E+00
16 23 -.7510E-03
16 24 0.8219E-03
16 25 -.6825E-01
16 26 0.1704E-02
16 27 0.0000E+00
16 28 0.2392E-01
16 29 0.3965E-02
16 30 0.1284E-03
16 31 -.1431E-01
16 32 0.1374E-03
16 33 -.1132E-03
16 34 0.3476E-02
16 35 0.1686E-02
16 36 0.9083E-04
16 37 -.3311E-02
16 38 -.3019E-03
16 39 -.4314E-03
16 40 0.9183E-03
16 41 0.3150E-02
16 42 -.4036E-04
16 43 -.4887E-02
16 44 -.3287E-03
16 45 0.0000E+00
17  1 0.1380E-03
17  2 -.4030E-03
17  3 -.1618E-02
17  4 -.1609E-02
17  5 -.2025E-02
17  6 -.1887E-02
17  7 0.1270E-02
17  8 -.3706E-02
17  9 0.1166E-02
17 10 -.7345E-02
17 11 0.1197E-02
17 12 0.5931E-02
17 13 0.1792E-01
17 14 -.2233E+00
17 15 -.5318E-01
17 16 -.2599E-01
17 17 0.1000E+01
17 18 -.4906E-01
17 19 -.3275E-01
17 20 -.2666E+00
17 21 0.1673E-01
17 22 0.5932E-02
17 23 0.3165E-01
17 24 0.8460E-03
17 25 -.1007E-01
17 26 -.1580E-01
17 27 0.2367E-02
17 28 0.2500E-02
17 29 -.1402E-02
17 30 0.1299E-02
17 31 -.3824E-02
17 32 -.1201E-02
17 33 0.2908E-03
17 34 -.1329E-02
17 35 0.1947E-02
17 36 0.6528E-03
17 37 -.1638E-02
17 38 -.2039E-02
17 39 -.1716E-02
17 40 0.4690E-02
17 41 0.1576E-01
17 42 -.1037E-03
17 43 -.2365E-01
17 44 -.1897E-02
17 45 0.9284E-04
18  1 0.9415E-04
18  2 0.1375E-03
18  3 0.1476E-03
18  4 -.1297E-03
18  5 0.1206E-02
18  6 -.1737E-02
18  7 0.2733E-03
18  8 -.1846E-02
18  9 0.2070E-03
18 10 -.2485E-02
18 11 0.5105E-03
18 12 -.4444E-02
18 13 0.1202E-03
18 14 0.1697E-01
18 15 -.1345E+00
18 16 0.2990E-02
18 17 -.4906E-01
18 18 0.1000E+01
18 19 0.4047E-02
18 20 -.6265E-01
18 21 -.1512E+00
18 22 -.9187E-02
18 23 0.2023E-01
18 24 -.6704E-02
18 25 -.3482E-02
18 26 -.2196E-02
18 27 -.8815E-02
18 28 -.4235E-03
18 29 0.1748E-02
18 30 -.4846E-02
18 31 -.1755E-02
18 32 -.2409E-03
18 33 -.2582E-02
18 34 0.5700E-03
18 35 -.1001E-03
18 36 -.1359E-02
18 37 -.1187E-02
18 38 -.2501E-02
18 39 -.1219E-02
18 40 0.3604E-02
18 41 0.4259E-02
18 42 -.3219E-03
18 43 -.7683E-02
18 44 -.9563E-03
18 45 -.3848E-04
19  1 -.1395E-02
19  2 -.1085E-02
19  3 -.3047E-03
19  4 -.7496E-03
19  5 -.1346E-02
19  6 0.9128E-03
19  7 -.3286E-02
19  8 0.1091E-02
19  9 -.2470E-02
19 10 0.5121E-03
19 11 -.7252E-02
19 12 -.1469E-01
19 13 0.8675E-01
19 14 0.3526E-02
19 15 -.8007E-02
19 16 -.4577E+00
19 17 -.3275E-01
19 18 0.4047E-02
19 19 0.1000E+01
19 20 -.1063E-01
19 21 0.9456E-03
19 22 -.5446E+00
19 23 0.8085E-02
19 24 -.6214E-03
19 25 0.2270E+00
19 26 0.3289E-02
19 27 0.1458E-02
19 28 -.1223E+00
19 29 -.8028E-02
19 30 -.6964E-03
19 31 0.5521E-01
19 32 0.9816E-02
19 33 0.1024E-03
19 34 -.2729E-01
19 35 -.1498E-02
19 36 -.1644E-03
19 37 0.7794E-02
19 38 0.1932E-02
19 39 -.5382E-03
19 40 -.4199E-02
19 41 0.3844E-02
19 42 0.0000E+00
19 43 -.5932E-02
19 44 -.5217E-03
19 45 0.0000E+00
20  1 0.1420E-03
20  2 -.2073E-03
20  3 -.4450E-03
20  4 -.1452E-02
20  5 -.9830E-03
20  6 -.1198E-02
20  7 0.1164E-02
20  8 -.3131E-02
20  9 0.1092E-02
20 10 -.2625E-02
20 11 0.1637E-02
20 12 -.7384E-02
20 13 -.2683E-02
20 14 0.1399E-01
20 15 0.1795E-01
20 16 0.1732E-01
20 17 -.2666E+00
20 18 -.6265E-01
20 19 -.1063E-01
20 20 0.1000E+01
20 21 -.2950E-01
20 22 -.3967E-01
20 23 -.3117E+00
20 24 0.1526E-01
20 25 0.2115E-01
20 26 0.4992E-01
20 27 0.6963E-03
20 28 -.2025E-01
20 29 -.2059E-01
20 30 0.1501E-02
20 31 0.1053E-01
20 32 0.4696E-02
20 33 0.1003E-02
20 34 -.1076E-01
20 35 -.5444E-03
20 36 0.6679E-03
20 37 0.4751E-02
20 38 -.8496E-03
20 39 -.2139E-02
20 40 0.2939E-02
20 41 0.1926E-01
20 42 -.1067E-03
20 43 -.2910E-01
20 44 -.2363E-02
20 45 0.9504E-04
21  1 0.0000E+00
21  2 0.1511E-03
21  3 0.1622E-03
21  4 0.0000E+00
21  5 0.3583E-03
21  6 -.1564E-02
21  7 0.2002E-03
21  8 -.1010E-02
21  9 0.1517E-03
21 10 -.1282E-02
21 11 0.1328E-03
21 12 -.2537E-02
21 13 0.1100E-02
21 14 -.6366E-03
21 15 -.8379E-02
21 16 0.1260E-03
21 17 0.1673E-01
21 18 -.1512E+00
21 19 0.9456E-03
21 20 -.2950E-01
21 21 0.1000E+01
21 22 0.3029E-02
21 23 -.6899E-01
21 24 -.1665E+00
21 25 0.5226E-02
21 26 0.1647E-01
21 27 -.3694E-02
21 28 -.1261E-01
21 29 -.8585E-03
21 30 -.9151E-02
21 31 0.5284E-02
21 32 0.2265E-02
21 33 -.3878E-02
21 34 -.5053E-02
21 35 0.1100E-03
21 36 -.1663E-02
21 37 0.1071E-02
21 38 -.3266E-02
21 39 -.2412E-02
21 40 0.4863E-02
21 41 0.1173E-01
21 42 -.4693E-03
21 43 -.1968E-01
21 44 -.2087E-02
21 45 -.4229E-04
22  1 -.4171E-03
22  2 -.4872E-03
22  3 -.9880E-03
22  4 -.2298E-03
22  5 -.1893E-02
22  6 0.5074E-03
22  7 -.1918E-02
22  8 0.7339E-03
22  9 -.2924E-02
22 10 -.2499E-03
22 11 -.4755E-02
22 12 0.3468E-02
22 13 -.4093E-01
22 14 -.7095E-02
22 15 -.2969E-03
22 16 0.1430E+00
22 17 0.5932E-02
22 18 -.9187E-02
22 19 -.5446E+00
22 20 -.3967E-01
22 21 0.3029E-02
22 22 0.1000E+01
22 23 0.1986E-01
22 24 0.3150E-02
22 25 -.6358E+00
22 26 -.6463E-02
22 27 -.3516E-02
22 28 0.3328E+00
22 29 0.3566E-01
22 30 0.2470E-02
22 31 -.1751E+00
22 32 -.2271E-01
22 33 -.1196E-02
22 34 0.7697E-01
22 35 0.1539E-01
22 36 0.6106E-03
22 37 -.3726E-01
22 38 -.6598E-02
22 39 -.1149E-02
22 40 0.1693E-01
22 41 0.1145E-01
22 42 -.6269E-04
22 43 -.1688E-01
22 44 -.1370E-02
22 45 0.5669E-04
23  1 0.0000E+00
23  2 -.2080E-03
23  3 -.4464E-03
23  4 -.3923E-03
23  5 -.1571E-02
23  6 -.1078E-02
23  7 0.1020E-02
23  8 -.1895E-02
23  9 0.7750E-03
23 10 -.2193E-02
23 11 0.9520E-03
23 12 -.2925E-02
23 13 0.1515E-02
23 14 -.1370E-01
23 15 -.2339E-02
23 16 -.7510E-03
23 17 0.3165E-01
23 18 0.2023E-01
23 19 0.8085E-02
23 20 -.3117E+00
23 21 -.6899E-01
23 22 0.1986E-01
23 23 0.1000E+01
23 24 -.1413E-01
23 25 -.7179E-01
23 26 -.3527E+00
23 27 0.1172E-01
23 28 0.5751E-01
23 29 0.7741E-01
23 30 0.1325E-02
23 31 -.4859E-01
23 32 -.2701E-01
23 33 0.4503E-03
23 34 0.2561E-01
23 35 0.1125E-01
23 36 0.1327E-02
23 37 -.1808E-01
23 38 -.7922E-02
23 39 -.2594E-02
23 40 0.1644E-01
23 41 0.2351E-01
23 42 -.1070E-03
23 43 -.3440E-01
23 44 -.2837E-02
23 45 0.9448E-04
24  1 0.0000E+00
24  2 0.1579E-03
24  3 0.1695E-03
24  4 0.0000E+00
24  5 0.3744E-03
24  6 -.8989E-03
24  7 0.1046E-03
24  8 -.7899E-03
24  9 0.7926E-04
24 10 -.3240E-03
24 11 0.6937E-04
24 12 -.1770E-02
24 13 0.1381E-03
24 14 0.1445E-02
24 15 -.8244E-02
24 16 0.8219E-03
24 17 0.8460E-03
24 18 -.6704E-02
24 19 -.6214E-03
24 20 0.1526E-01
24 21 -.1665E+00
24 22 0.3150E-02
24 23 -.1413E-01
24 24 0.1000E+01
24 25 -.6001E-02
24 26 -.7162E-01
24 27 -.1825E+00
24 28 0.1750E-01
24 29 0.1711E-01
24 30 0.1155E-02
24 31 -.1923E-01
24 32 -.5270E-02
24 33 -.9154E-02
24 34 0.9258E-02
24 35 0.4119E-02
24 36 -.2184E-02
24 37 -.7178E-02
24 38 -.6919E-02
24 39 -.3329E-02
24 40 0.1165E-01
24 41 0.1567E-01
24 42 -.6512E-03
24 43 -.2561E-01
24 44 -.2761E-02
24 45 -.5893E-04
25  1 -.1194E-02
25  2 -.5454E-03
25  3 0.1067E-03
25  4 0.9375E-04
25  5 -.4713E-03
25  6 0.2775E-03
25  7 -.2072E-02
25  8 0.2409E-03
25  9 -.1175E-02
25 10 -.5467E-03
25 11 -.1091E-02
25 12 -.3050E-02
25 13 0.1030E-01
25 14 0.9960E-04
25 15 -.2562E-03
25 16 -.6825E-01
25 17 -.1007E-01
25 18 -.3482E-02
25 19 0.2270E+00
25 20 0.2115E-01
25 21 0.5226E-02
25 22 -.6358E+00
25 23 -.7179E-01
25 24 -.6001E-02
25 25 0.1000E+01
25 26 0.4568E-01
25 27 0.9057E-02
25 28 -.7272E+00
25 29 -.8006E-01
25 30 -.6345E-02
25 31 0.3977E+00
25 32 0.6563E-01
25 33 0.3066E-02
25 34 -.1963E+00
25 35 -.3205E-01
25 36 -.1341E-02
25 37 0.8698E-01
25 38 0.1725E-01
25 39 0.1834E-03
25 40 -.4056E-01
25 41 -.4605E-02
25 42 0.2558E-04
25 43 0.5061E-02
25 44 0.5920E-03
25 45 -.3639E-04
26  1 0.1368E-03
26  2 -.1998E-03
26  3 -.4289E-03
26  4 -.3769E-03
26  5 -.4737E-03
26  6 -.9129E-03
26  7 0.3971E-03
26  8 -.1482E-02
26  9 0.2005E-03
26 10 -.1677E-02
26 11 0.5545E-03
26 12 -.2236E-02
26 13 0.5241E-03
26 14 -.4652E-02
26 15 0.8591E-03
26 16 0.1704E-02
26 17 -.1580E-01
26 18 -.2196E-02
26 19 0.3289E-02
26 20 0.4992E-01
26 21 0.1647E-01
26 22 -.6463E-02
26 23 -.3527E+00
26 24 -.7162E-01
26 25 0.4568E-01
26 26 0.1000E+01
26 27 -.2820E-02
26 28 -.9553E-01
26 29 -.4150E+00
26 30 0.6017E-02
26 31 0.9541E-01
26 32 0.1066E+00
26 33 0.1316E-02
26 34 -.7142E-01
26 35 -.3223E-01
26 36 0.8595E-03
26 37 0.3436E-01
26 38 0.6798E-02
26 39 -.2188E-02
26 40 -.7904E-02
26 41 0.1836E-01
26 42 -.1028E-03
26 43 -.2950E-01
26 44 -.1997E-02
26 45 0.8953E-04
27  1 0.0000E+00
27  2 0.1579E-03
27  3 0.1695E-03
27  4 0.0000E+00
27  5 0.1872E-03
27  6 -.7139E-03
27  7 0.0000E+00
27  8 -.2552E-03
27  9 0.0000E+00
27 10 -.3239E-03
27 11 0.0000E+00
27 12 -.1316E-02
27 13 0.1381E-03
27 14 0.1113E-02
27 15 -.4988E-02
27 16 0.0000E+00
27 17 0.2367E-02
27 18 -.8815E-02
27 19 0.1458E-02
27 20 0.6963E-03
27 21 -.3694E-02
27 22 -.3516E-02
27 23 0.1172E-01
27 24 -.1825E+00
27 25 0.9057E-02
27 26 -.2820E-02
27 27 0.1000E+01
27 28 -.1827E-01
27 29 -.7049E-01
27 30 -.2063E+00
27 31 0.3142E-01
27 32 0.1713E-01
27 33 0.6821E-02
27 34 -.2584E-01
27 35 -.7607E-02
27 36 -.8107E-02
27 37 0.1097E-01
27 38 -.9647E-03
27 39 -.3556E-02
27 40 0.7877E-03
27 41 0.8741E-02
27 42 -.9275E-03
27 43 -.1700E-01
27 44 -.2482E-02
27 45 -.1436E-03
28  1 0.2091E-03
28  2 0.2795E-04
28  3 -.8157E-03
28  4 -.1531E-02
28  5 -.3869E-03
28  6 -.4556E-04
28  7 0.1869E-04
28  8 0.2782E-03
28  9 -.6662E-03
28 10 -.8369E-04
28 11 -.1683E-02
28 12 0.1188E-02
28 13 -.7369E-02
28 14 -.4217E-03
28 15 -.2533E-03
28 16 0.2392E-01
28 17 0.2500E-02
28 18 -.4235E-03
28 19 -.1223E+00
28 20 -.2025E-01
28 21 -.1261E-01
28 22 0.3328E+00
28 23 0.5751E-01
28 24 0.1750E-01
28 25 -.7272E+00
28 26 -.9553E-01
28 27 -.1827E-01
28 28 0.1000E+01
28 29 0.1799E+00
28 30 0.1361E-01
28 31 -.7462E+00
28 32 -.1360E+00
28 33 -.7147E-02
28 34 0.4002E+00
28 35 0.7875E-01
28 36 0.3234E-02
28 37 -.1993E+00
28 38 -.3836E-01
28 39 -.1995E-02
28 40 0.9023E-01
28 41 0.2508E-01
28 42 -.2323E-03
28 43 -.3359E-01
28 44 -.3212E-02
28 45 0.1458E-03
29  1 0.0000E+00
29  2 0.0000E+00
29  3 -.2007E-03
29  4 -.1082E-02
29  5 -.2217E-03
29  6 -.8416E-03
29  7 0.1013E-02
29  8 -.1369E-02
29  9 0.4877E-03
29 10 -.1354E-02
29 11 0.7392E-03
29 12 -.7684E-03
29 13 0.1162E-02
29 14 -.4496E-02
29 15 -.1140E-03
29 16 0.3965E-02
29 17 -.1402E-02
29 18 0.1748E-02
29 19 -.8028E-02
29 20 -.2059E-01
29 21 -.8585E-03
29 22 0.3566E-01
29 23 0.7741E-01
29 24 0.1711E-01
29 25 -.8006E-01
29 26 -.4150E+00
29 27 -.7049E-01
29 28 0.1799E+00
29 29 0.1000E+01
29 30 0.1619E-01
29 31 -.2661E+00
29 32 -.4301E+00
29 33 -.5145E-04
29 34 0.1990E+00
29 35 0.1293E+00
29 36 0.1875E-02
29 37 -.1196E+00
29 38 -.4623E-01
29 39 -.2592E-02
29 40 0.6035E-01
29 41 0.3386E-01
29 42 -.3328E-03
29 43 -.4303E-01
29 44 -.4300E-02
29 45 0.1948E-03
30  1 0.0000E+00
30  2 0.0000E+00
30  3 0.0000E+00
30  4 0.0000E+00
30  5 0.1825E-03
30  6 -.1720E-03
30  7 0.0000E+00
30  8 -.2488E-03
30  9 0.0000E+00
30 10 -.1579E-03
30 11 0.6764E-04
30 12 -.4218E-03
30 13 0.0000E+00
30 14 0.4629E-03
30 15 -.3135E-02
30 16 0.1284E-03
30 17 0.1299E-02
30 18 -.4846E-02
30 19 -.6964E-03
30 20 0.1501E-02
30 21 -.9151E-02
30 22 0.2470E-02
30 23 0.1325E-02
30 24 0.1155E-02
30 25 -.6345E-02
30 26 0.6017E-02
30 27 -.2063E+00
30 28 0.1361E-01
30 29 0.1619E-01
30 30 0.1000E+01
30 31 -.2844E-01
30 32 -.1013E+00
30 33 -.2089E+00
30 34 0.4462E-01
30 35 0.2516E-01
30 36 0.1203E-01
30 37 -.3330E-01
30 38 -.1663E-01
30 39 -.8618E-02
30 40 0.2072E-01
30 41 0.1242E-01
30 42 -.1171E-02
30 43 -.1947E-01
30 44 -.3787E-02
30 45 -.2489E-03
31  1 -.7412E-03
31  2 -.1137E-02
31  3 0.3162E-03
31  4 0.1280E-02
31  5 -.1515E-02
31  6 0.7429E-03
31  7 -.2513E-02
31  8 0.1173E-03
31  9 -.1011E-02
31 10 0.0000E+00
31 11 -.1338E-02
31 12 -.1925E-02
31 13 0.5394E-04
31 14 0.6598E-03
31 15 0.7060E-03
31 16 -.1431E-01
31 17 -.3824E-02
31 18 -.1755E-02
31 19 0.5521E-01
31 20 0.1053E-01
31 21 0.5284E-02
31 22 -.1751E+00
31 23 -.4859E-01
31 24 -.1923E-01
31 25 0.3977E+00
31 26 0.9541E-01
31 27 0.3142E-01
31 28 -.7462E+00
31 29 -.2661E+00
31 30 -.2844E-01
31 31 0.1000E+01
31 32 0.2740E+00
31 33 0.1555E-01
31 34 -.7453E+00
31 35 -.1589E+00
31 36 -.6289E-02
31 37 0.4008E+00
31 38 0.7853E-01
31 39 0.1145E-02
31 40 -.1803E+00
31 41 -.2571E-01
31 42 0.2973E-03
31 43 0.2983E-01
31 44 0.3305E-02
31 45 -.1458E-03
32  1 0.3385E-03
32  2 0.0000E+00
32  3 0.1768E-03
32  4 0.4614E-03
32  5 0.1953E-03
32  6 -.9107E-03
32  7 -.1105E-03
32  8 -.7850E-03
32  9 0.8017E-04
32 10 -.1690E-03
32 11 0.2208E-03
32 12 -.1103E-02
32 13 0.1008E-02
32 14 -.1955E-02
32 15 -.2008E-03
32 16 0.1374E-03
32 17 -.1201E-02
32 18 -.2409E-03
32 19 0.9816E-02
32 20 0.4696E-02
32 21 0.2265E-02
32 22 -.2271E-01
32 23 -.2701E-01
32 24 -.5270E-02
32 25 0.6563E-01
32 26 0.1066E+00
32 27 0.1713E-01
32 28 -.1360E+00
32 29 -.4301E+00
32 30 -.1013E+00
32 31 0.2740E+00
32 32 0.1000E+01
32 33 0.2721E-01
32 34 -.3653E+00
32 35 -.4353E+00
32 36 -.1867E-02
32 37 0.2559E+00
32 38 0.1366E+00
32 39 -.1115E-02
32 40 -.1298E+00
32 41 -.2528E-01
32 42 0.3647E-03
32 43 0.5382E-02
32 44 0.4958E-02
32 45 -.2222E-03
33  1 0.0000E+00
33  2 0.0000E+00
33  3 0.1457E-03
33  4 0.0000E+00
33  5 0.0000E+00
33  6 -.1516E-03
33  7 0.0000E+00
33  8 -.1097E-03
33  9 0.0000E+00
33 10 -.1392E-03
33 11 -.1789E-03
33 12 -.3719E-03
33 13 0.0000E+00
33 14 0.2721E-03
33 15 -.2080E-02
33 16 -.1132E-03
33 17 0.2908E-03
33 18 -.2582E-02
33 19 0.1024E-03
33 20 0.1003E-02
33 21 -.3878E-02
33 22 -.1196E-02
33 23 0.4503E-03
33 24 -.9154E-02
33 25 0.3066E-02
33 26 0.1316E-02
33 27 0.6821E-02
33 28 -.7147E-02
33 29 -.5145E-04
33 30 -.2089E+00
33 31 0.1555E-01
33 32 0.2721E-01
33 33 0.1000E+01
33 34 -.3355E-01
33 35 -.1201E+00
33 36 -.2123E+00
33 37 0.4997E-01
33 38 0.3262E-01
33 39 0.1527E-01
33 40 -.3235E-01
33 41 -.1116E-01
33 42 -.5949E-02
33 43 0.1816E-02
33 44 -.1959E-02
33 45 -.3001E-03
34  1 -.3628E-03
34  2 0.5064E-03
34  3 -.8367E-03
34  4 -.1418E-02
34  5 -.8710E-04
34  6 -.1814E-03
34  7 0.1291E-02
34  8 -.3675E-03
34  9 0.1413E-03
34 10 -.7048E-03
34 11 -.1622E-03
34 12 0.1385E-03
34 13 -.1316E-02
34 14 -.1475E-02
34 15 -.6628E-04
34 16 0.3476E-02
34 17 -.1329E-02
34 18 0.5700E-03
34 19 -.2729E-01
34 20 -.1076E-01
34 21 -.5053E-02
34 22 0.7697E-01
34 23 0.2561E-01
34 24 0.9258E-02
34 25 -.1963E+00
34 26 -.7142E-01
34 27 -.2584E-01
34 28 0.4002E+00
34 29 0.1990E+00
34 30 0.4462E-01
34 31 -.7453E+00
34 32 -.3653E+00
34 33 -.3355E-01
34 34 0.1000E+01
34 35 0.3080E+00
34 36 0.1491E-01
34 37 -.7522E+00
34 38 -.1688E+00
34 39 -.5811E-02
34 40 0.3839E+00
34 41 0.8410E-01
34 42 -.8274E-03
34 43 -.1070E+00
34 44 -.1074E-01
34 45 0.4813E-03
35  1 -.9374E-04
35  2 0.7990E-03
35  3 -.1469E-03
35  4 -.3612E-03
35  5 0.9426E-03
35  6 -.8202E-03
35  7 0.9684E-03
35  8 -.6336E-03
35  9 0.7947E-03
35 10 0.1404E-03
35 11 0.1151E-02
35 12 -.1875E-03
35 13 0.1024E-02
35 14 -.9154E-03
35 15 -.8023E-03
35 16 0.1686E-02
35 17 0.1947E-02
35 18 -.1001E-03
35 19 -.1498E-02
35 20 -.5444E-03
35 21 0.1100E-03
35 22 0.1539E-01
35 23 0.1125E-01
35 24 0.4119E-02
35 25 -.3205E-01
35 26 -.3223E-01
35 27 -.7607E-02
35 28 0.7875E-01
35 29 0.1293E+00
35 30 0.2516E-01
35 31 -.1589E+00
35 32 -.4353E+00
35 33 -.1201E+00
35 34 0.3080E+00
35 35 0.1000E+01
35 36 0.3203E-01
35 37 -.3967E+00
35 38 -.4597E+00
35 39 -.6327E-02
35 40 0.2897E+00
35 41 0.1732E+00
35 42 -.1941E-02
35 43 -.1428E+00
35 44 -.2620E-01
35 45 0.1220E-02
36  1 -.7459E-04
36  2 0.0000E+00
36  3 0.0000E+00
36  4 0.1027E-03
36  5 0.0000E+00
36  6 0.0000E+00
36  7 0.0000E+00
36  8 0.0000E+00
36  9 -.5466E-04
36 10 0.0000E+00
36 11 0.1435E-03
36 12 -.1492E-03
36 13 -.9524E-04
36 14 0.1092E-03
36 15 -.1072E-02
36 16 0.9083E-04
36 17 0.6528E-03
36 18 -.1359E-02
36 19 -.1644E-03
36 20 0.6679E-03
36 21 -.1663E-02
36 22 0.6106E-03
36 23 0.1327E-02
36 24 -.2184E-02
36 25 -.1341E-02
36 26 0.8595E-03
36 27 -.8107E-02
36 28 0.3234E-02
36 29 0.1875E-02
36 30 0.1203E-01
36 31 -.6289E-02
36 32 -.1867E-02
36 33 -.2123E+00
36 34 0.1491E-01
36 35 0.3203E-01
36 36 0.1000E+01
36 37 -.3302E-01
36 38 -.1283E+00
36 39 -.2247E+00
36 40 0.5520E-01
36 41 0.4910E-01
36 42 0.2217E-01
36 43 -.4022E-01
36 44 -.1819E-01
36 45 -.3446E-02
37  1 0.1650E-03
37  2 -.1471E-02
37  3 0.6695E-03
37  4 0.2503E-03
37  5 -.7946E-03
37  6 0.5967E-03
37  7 -.1949E-02
37  8 0.3173E-03
37  9 -.1936E-02
37 10 -.2365E-04
37 11 -.3661E-02
37 12 0.2848E-03
37 13 -.8364E-03
37 14 0.8600E-03
37 15 0.3136E-03
37 16 -.3311E-02
37 17 -.1638E-02
37 18 -.1187E-02
37 19 0.7794E-02
37 20 0.4751E-02
37 21 0.1071E-02
37 22 -.3726E-01
37 23 -.1808E-01
37 24 -.7178E-02
37 25 0.8698E-01
37 26 0.3436E-01
37 27 0.1097E-01
37 28 -.1993E+00
37 29 -.1196E+00
37 30 -.3330E-01
37 31 0.4008E+00
37 32 0.2559E+00
37 33 0.4997E-01
37 34 -.7522E+00
37 35 -.3967E+00
37 36 -.3302E-01
37 37 0.1000E+01
37 38 0.3184E+00
37 39 0.1161E-01
37 40 -.7134E+00
37 41 -.1599E+00
37 42 0.1459E-02
37 43 0.1995E+00
37 44 0.2098E-01
37 45 -.9283E-03
38  1 0.6163E-03
38  2 0.0000E+00
38  3 0.3363E-03
38  4 -.3941E-03
38  5 0.3714E-03
38  6 -.6409E-03
38  7 0.3460E-03
38  8 -.3376E-03
38  9 -.9622E-04
38 10 -.9099E-03
38 11 -.9077E-03
38 12 0.0000E+00
38 13 0.3163E-03
38 14 -.7787E-03
38 15 -.1068E-02
38 16 -.3019E-03
38 17 -.2039E-02
38 18 -.2501E-02
38 19 0.1932E-02
38 20 -.8496E-03
38 21 -.3266E-02
38 22 -.6598E-02
38 23 -.7922E-02
38 24 -.6919E-02
38 25 0.1725E-01
38 26 0.6798E-02
38 27 -.9647E-03
38 28 -.3836E-01
38 29 -.4623E-01
38 30 -.1663E-01
38 31 0.7853E-01
38 32 0.1366E+00
38 33 0.3262E-01
38 34 -.1688E+00
38 35 -.4597E+00
38 36 -.1283E+00
38 37 0.3184E+00
38 38 0.1000E+01
38 39 0.3545E-01
38 40 -.4385E+00
38 41 -.4614E+00
38 42 0.2016E-02
38 43 0.2666E+00
38 44 0.8449E-01
38 45 -.3575E-02
39  1 0.5442E-04
39  2 -.7948E-04
39  3 -.8530E-04
39  4 -.7496E-04
39  5 -.9421E-04
39  6 0.0000E+00
39  7 0.0000E+00
39  8 -.4153E-03
39  9 0.7977E-04
39 10 -.6088E-03
39 11 0.1251E-03
39 12 -.7032E-03
39 13 -.3830E-03
39 14 -.4313E-03
39 15 -.5680E-03
39 16 -.4314E-03
39 17 -.1716E-02
39 18 -.1219E-02
39 19 -.5382E-03
39 20 -.2139E-02
39 21 -.2412E-02
39 22 -.1149E-02
39 23 -.2594E-02
39 24 -.3329E-02
39 25 0.1834E-03
39 26 -.2188E-02
39 27 -.3556E-02
39 28 -.1995E-02
39 29 -.2592E-02
39 30 -.8618E-02
39 31 0.1145E-02
39 32 -.1115E-02
39 33 0.1527E-01
39 34 -.5811E-02
39 35 -.6327E-02
39 36 -.2247E+00
39 37 0.1161E-01
39 38 0.3545E-01
39 39 0.1000E+01
39 40 -.4601E-01
39 41 -.1385E+00
39 42 -.2307E+00
39 43 0.7528E-01
39 44 0.4010E-01
39 45 0.1791E-01
40  1 -.1477E-02
40  2 0.4941E-03
40  3 -.1037E-02
40  4 0.8496E-03
40  5 -.1189E-02
40  6 0.3305E-03
40  7 -.5524E-03
40  8 0.5459E-03
40  9 0.4339E-04
40 10 0.1673E-02
40 11 0.2215E-02
40 12 -.9547E-03
40 13 -.3387E-03
40 14 0.6953E-03
40 15 0.7586E-03
40 16 0.9183E-03
40 17 0.4690E-02
40 18 0.3604E-02
40 19 -.4199E-02
40 20 0.2939E-02
40 21 0.4863E-02
40 22 0.1693E-01
40 23 0.1644E-01
40 24 0.1165E-01
40 25 -.4056E-01
40 26 -.7904E-02
40 27 0.7877E-03
40 28 0.9023E-01
40 29 0.6035E-01
40 30 0.2072E-01
40 31 -.1803E+00
40 32 -.1298E+00
40 33 -.3235E-01
40 34 0.3839E+00
40 35 0.2897E+00
40 36 0.5520E-01
40 37 -.7134E+00
40 38 -.4385E+00
40 39 -.4601E-01
40 40 0.1000E+01
40 41 0.4692E+00
40 42 -.3168E-02
40 43 -.6456E+00
40 44 -.5992E-01
40 45 0.2625E-02
41  1 -.8343E-03
41  2 0.9512E-03
41  3 0.1234E-02
41  4 0.1918E-02
41  5 0.9082E-03
41  6 0.7867E-03
41  7 -.1342E-03
41  8 0.1960E-02
41  9 -.2208E-03
41 10 0.4058E-02
41 11 -.8844E-03
41 12 0.3193E-02
41 13 0.2788E-02
41 14 0.3512E-02
41 15 -.5973E-03
41 16 0.3150E-02
41 17 0.1576E-01
41 18 0.4259E-02
41 19 0.3844E-02
41 20 0.1926E-01
41 21 0.1173E-01
41 22 0.1145E-01
41 23 0.2351E-01
41 24 0.1567E-01
41 25 -.4605E-02
41 26 0.1836E-01
41 27 0.8741E-02
41 28 0.2508E-01
41 29 0.3386E-01
41 30 0.1242E-01
41 31 -.2571E-01
41 32 -.2528E-01
41 33 -.1116E-01
41 34 0.8410E-01
41 35 0.1732E+00
41 36 0.4910E-01
41 37 -.1599E+00
41 38 -.4614E+00
41 39 -.1385E+00
41 40 0.4692E+00
41 41 0.1000E+01
41 42 0.1409E-01
41 43 -.6869E+00
41 44 -.2287E+00
41 45 0.8795E-02
42  1 0.0000E+00
42  2 0.0000E+00
42  3 0.0000E+00
42  4 0.0000E+00
42  5 0.0000E+00
42  6 0.2702E-04
42  7 0.0000E+00
42  8 0.0000E+00
42  9 0.0000E+00
42 10 -.4964E-04
42 11 0.0000E+00
42 12 -.6629E-04
42 13 0.0000E+00
42 14 0.0000E+00
42 15 -.2103E-03
42 16 -.4036E-04
42 17 -.1037E-03
42 18 -.3219E-03
42 19 0.0000E+00
42 20 -.1067E-03
42 21 -.4693E-03
42 22 -.6269E-04
42 23 -.1070E-03
42 24 -.6512E-03
42 25 0.2558E-04
42 26 -.1028E-03
42 27 -.9275E-03
42 28 -.2323E-03
42 29 -.3328E-03
42 30 -.1171E-02
42 31 0.2973E-03
42 32 0.3647E-03
42 33 -.5949E-02
42 34 -.8274E-03
42 35 -.1941E-02
42 36 0.2217E-01
42 37 0.1459E-02
42 38 0.2016E-02
42 39 -.2307E+00
42 40 -.3168E-02
42 41 0.1409E-01
42 42 0.1000E+01
42 43 0.3891E-02
42 44 -.2422E+00
42 45 -.1474E+00
43  1 0.1144E-02
43  2 -.1443E-02
43  3 -.1846E-02
43  4 -.2979E-02
43  5 -.1368E-02
43  6 -.1646E-02
43  7 0.6931E-04
43  8 -.3317E-02
43  9 0.4957E-03
43 10 -.6520E-02
43 11 0.1322E-02
43 12 -.5263E-02
43 13 -.4191E-02
43 14 -.5367E-02
43 15 0.1324E-04
43 16 -.4887E-02
43 17 -.2365E-01
43 18 -.7683E-02
43 19 -.5932E-02
43 20 -.2910E-01
43 21 -.1968E-01
43 22 -.1688E-01
43 23 -.3440E-01
43 24 -.2561E-01
43 25 0.5061E-02
43 26 -.2950E-01
43 27 -.1700E-01
43 28 -.3359E-01
43 29 -.4303E-01
43 30 -.1947E-01
43 31 0.2983E-01
43 32 0.5382E-02
43 33 0.1816E-02
43 34 -.1070E+00
43 35 -.1428E+00
43 36 -.4022E-01
43 37 0.1995E+00
43 38 0.2666E+00
43 39 0.7528E-01
43 40 -.6456E+00
43 41 -.6869E+00
43 42 0.3891E-02
43 43 0.1000E+01
43 44 0.8544E-01
43 45 -.3738E-02
44  1 0.1143E-03
44  2 -.1663E-03
44  3 -.1429E-03
44  4 -.1865E-03
44  5 -.1577E-03
44  6 -.1644E-03
44  7 0.0000E+00
44  8 -.3429E-03
44  9 0.1415E-04
44 10 -.5697E-03
44 11 0.1644E-03
44 12 -.4916E-03
44 13 -.3751E-03
44 14 -.4218E-03
44 15 -.3541E-03
44 16 -.3287E-03
44 17 -.1897E-02
44 18 -.9563E-03
44 19 -.5217E-03
44 20 -.2363E-02
44 21 -.2087E-02
44 22 -.1370E-02
44 23 -.2837E-02
44 24 -.2761E-02
44 25 0.5920E-03
44 26 -.1997E-02
44 27 -.2482E-02
44 28 -.3212E-02
44 29 -.4300E-02
44 30 -.3787E-02
44 31 0.3305E-02
44 32 0.4958E-02
44 33 -.1959E-02
44 34 -.1074E-01
44 35 -.2620E-01
44 36 -.1819E-01
44 37 0.2098E-01
44 38 0.8449E-01
44 39 0.4010E-01
44 40 -.5992E-01
44 41 -.2287E+00
44 42 -.2422E+00
44 43 0.8544E-01
44 44 0.1000E+01
44 45 -.2509E-01
45  1 0.0000E+00
45  2 0.0000E+00
45  3 0.0000E+00
45  4 0.0000E+00
45  5 0.0000E+00
45  6 0.0000E+00
45  7 0.0000E+00
45  8 0.1418E-04
45  9 0.0000E+00
45 10 0.1799E-04
45 11 0.0000E+00
45 12 0.0000E+00
45 13 0.0000E+00
45 14 0.0000E+00
45 15 -.5262E-04
45 16 0.0000E+00
45 17 0.9284E-04
45 18 -.3848E-04
45 19 0.0000E+00
45 20 0.9504E-04
45 21 -.4229E-04
45 22 0.5669E-04
45 23 0.9448E-04
45 24 -.5893E-04
45 25 -.3639E-04
45 26 0.8953E-04
45 27 -.1436E-03
45 28 0.1458E-03
45 29 0.1948E-03
45 30 -.2489E-03
45 31 -.1458E-03
45 32 -.2222E-03
45 33 -.3001E-03
45 34 0.4813E-03
45 35 0.1220E-02
45 36 -.3446E-02
45 37 -.9283E-03
45 38 -.3575E-02
45 39 0.1791E-01
45 40 0.2625E-02
45 41 0.8795E-02
45 42 -.1474E+00
45 43 -.3738E-02
45 44 -.2509E-01
45 45 0.1000E+01
